# OBJ generated by ONSHAPE BY PTC INC, 1.193 Units = meters
mtllib 220 кВ +5 (3).SLDPRT.mtl
g 
v 2.66 7 2.66 
v 2.51121 6.99287 2.66121 
v 3.7 0 3.85 
v 1.47 14 1.47 
v 1.32242 13.9857 1.47242 
v 3.85 0 3.85 
v 2.66121 6.99287 2.51121 
v 3.85 0 3.7 
v 1.47242 13.9857 1.32242 
v 3.83 0 3.83 
v 3.7 0 3.83 
v 3.83 0 3.7 
v 2.64137 6.99192 2.51137 
v 1.45275 13.9838 1.32275 
v 2.64032 6.9981 2.64032 
v 1.45065 13.9962 1.45065 
v 2.51137 6.99192 2.64137 
v 1.32275 13.9838 1.45275 
v 0.805129 32.188 0.935129 
v 1.06394 23.0859 1.19394 
v 1.06362 23.0876 1.21362 
v 0.804819 32.1894 0.954819 
v 0.933119 32.1972 0.933119 
v 1.19188 23.0967 1.19188 
v 0.935129 32.188 0.805129 
v 1.19394 23.0859 1.06394 
v 0.954819 32.1894 0.804819 
v 1.21362 23.0876 1.06362 
v 0.9525 32.2 0.9525 
v 1.21125 23.1 1.21125 
v 0.0151901 38.9075 0.16519 
v 0.0152155 38.9086 0.145215 
v 0.165 38.9 0.165 
v 0.145051 38.902 0.145051 
v 0.16519 38.9075 0.0151901 
v 0.145215 38.9086 0.0152155 
vn 2.91872e-15 0.167595 0.985856 
vn 0.985856 0.167595 -1.16749e-14 
vn 0 -1 0 
vn 4.37808e-14 -0.167595 -0.985856 
vn -0.985856 -0.167595 0 
vn -0.999492 -0.0288074 -0.0136361 
vn -0.0136361 -0.0288074 -0.999492 
vn 0.999492 0.0288074 0.0136361 
vn 0.0136361 0.0288074 0.999492 
vn -0.993039 -0.117564 -0.00718354 
vn 0.0503188 0.997465 0.0503188 
vn -0.00718354 -0.117564 -0.993039 
vn -0.993039 -0.117564 -0.00718354 
vn 0.993039 0.117564 0.00718354 
vn 0.00718354 0.117564 0.993039 
usemtl 0.752941_0.752941_0.752941_0.000000_0.000000
o mesh0
f 1//1 2//1 3//1 
f 4//1 5//1 2//1 
f 2//1 1//1 4//1 
f 3//1 6//1 1//1 
o mesh1
f 4//2 1//2 7//2 
f 1//2 6//2 8//2 
f 8//2 7//2 1//2 
f 7//2 9//2 4//2 
o mesh2
f 8//3 6//3 10//3 
f 3//3 11//3 10//3 
f 10//3 6//3 3//3 
f 10//3 12//3 8//3 
o mesh3
f 9//4 7//4 13//4 
f 7//4 8//4 12//4 
f 12//4 13//4 7//4 
f 13//4 14//4 9//4 
o mesh4
f 15//5 13//5 12//5 
f 16//5 14//5 13//5 
f 13//5 15//5 16//5 
f 12//5 10//5 15//5 
o mesh5
f 16//4 15//4 17//4 
f 15//4 10//4 11//4 
f 11//4 17//4 15//4 
f 17//4 18//4 16//4 
o mesh6
f 2//5 17//5 11//5 
f 5//5 18//5 17//5 
f 17//5 2//5 5//5 
f 11//5 3//5 2//5 
o mesh7
f 19//6 20//6 21//6 
f 20//6 18//6 5//6 
f 5//6 21//6 20//6 
f 21//6 22//6 19//6 
o mesh8
f 19//7 23//7 24//7 
f 20//7 24//7 16//7 
f 16//7 18//7 20//7 
f 24//7 20//7 19//7 
o mesh9
f 25//6 26//6 24//6 
f 26//6 14//6 16//6 
f 16//6 24//6 26//6 
f 24//6 23//6 25//6 
o mesh10
f 25//7 27//7 28//7 
f 26//7 28//7 9//7 
f 9//7 14//7 26//7 
f 28//7 26//7 25//7 
o mesh11
f 27//8 29//8 30//8 
f 28//8 30//8 4//8 
f 4//8 9//8 28//8 
f 30//8 28//8 27//8 
o mesh12
f 22//9 21//9 30//9 
f 21//9 5//9 4//9 
f 4//9 30//9 21//9 
f 30//9 29//9 22//9 
o mesh13
f 19//10 22//10 31//10 
f 31//10 32//10 19//10 
o mesh14
f 31//11 33//11 34//11 
f 35//11 36//11 34//11 
f 34//11 33//11 35//11 
f 34//11 32//11 31//11 
o mesh15
f 19//12 32//12 34//12 
f 34//12 23//12 19//12 
o mesh16
f 25//13 23//13 34//13 
f 34//13 36//13 25//13 
o mesh17
f 25//12 36//12 35//12 
f 35//12 27//12 25//12 
o mesh18
f 27//14 35//14 33//14 
f 33//14 29//14 27//14 
o mesh19
f 22//15 29//15 33//15 
f 33//15 31//15 22//15 
g 
v -1.47 14 1.47 
v -1.47242 13.9857 1.32242 
v -2.66121 6.99287 2.51121 
v -2.66 7 2.66 
v -3.85 0 3.7 
v -3.85 0 3.85 
v -2.51121 6.99287 2.66121 
v -3.7 0 3.85 
v -1.32242 13.9857 1.47242 
v -3.83 0 3.83 
v -3.83 0 3.7 
v -3.7 0 3.83 
v -2.51137 6.99192 2.64137 
v -1.32275 13.9838 1.45275 
v -2.64032 6.9981 2.64032 
v -1.45065 13.9962 1.45065 
v -2.64137 6.99192 2.51137 
v -1.45275 13.9838 1.32275 
v -0.935129 32.188 0.805129 
v -1.19394 23.0859 1.06394 
v -1.21362 23.0876 1.06362 
v -0.954819 32.1894 0.804819 
v -1.19188 23.0967 1.19188 
v -0.933119 32.1972 0.933119 
v -1.06394 23.0859 1.19394 
v -0.805129 32.188 0.935129 
v -0.804819 32.1894 0.954819 
v -1.06362 23.0876 1.21362 
v -0.9525 32.2 0.9525 
v -1.21125 23.1 1.21125 
v -0.16519 38.9075 0.0151901 
v -0.145215 38.9086 0.0152155 
v -0.165 38.9 0.165 
v -0.145051 38.902 0.145051 
v -0.0151901 38.9075 0.16519 
v -0.0152155 38.9086 0.145215 
vn -0.985856 0.167595 -5.23378e-16 
vn 8.23278e-15 0.167595 0.985856 
vn 0 -1 0 
vn 0.985856 -0.167595 4.72229e-14 
vn 3.4421e-15 -0.167595 -0.985856 
vn 0.0136361 -0.0288074 -0.999492 
vn 0.999492 -0.0288074 -0.0136361 
vn -0.0136361 0.0288074 0.999492 
vn -0.999492 0.0288074 0.0136361 
vn 0.00718354 -0.117564 -0.993039 
vn -0.0503188 0.997465 0.0503188 
vn 0.993039 -0.117564 -0.00718354 
vn 0.00718354 -0.117564 -0.993039 
vn -0.00718354 0.117564 0.993039 
vn -0.993039 0.117564 0.00718354 
o mesh20
f 37//16 38//16 39//16 
f 40//16 39//16 41//16 
f 41//16 42//16 40//16 
f 39//16 40//16 37//16 
o mesh21
f 37//17 40//17 43//17 
f 40//17 42//17 44//17 
f 44//17 43//17 40//17 
f 43//17 45//17 37//17 
o mesh22
f 44//18 42//18 46//18 
f 41//18 47//18 46//18 
f 46//18 42//18 41//18 
f 46//18 48//18 44//18 
o mesh23
f 43//19 44//19 48//19 
f 45//19 43//19 49//19 
f 49//19 50//19 45//19 
f 48//19 49//19 43//19 
o mesh24
f 51//20 49//20 48//20 
f 52//20 50//20 49//20 
f 49//20 51//20 52//20 
f 48//20 46//20 51//20 
o mesh25
f 51//19 46//19 47//19 
f 52//19 51//19 53//19 
f 53//19 54//19 52//19 
f 47//19 53//19 51//19 
o mesh26
f 39//20 53//20 47//20 
f 38//20 54//20 53//20 
f 53//20 39//20 38//20 
f 47//20 41//20 39//20 
o mesh27
f 55//21 56//21 57//21 
f 56//21 54//21 38//21 
f 38//21 57//21 56//21 
f 57//21 58//21 55//21 
o mesh28
f 56//22 59//22 52//22 
f 55//22 60//22 59//22 
f 59//22 56//22 55//22 
f 52//22 54//22 56//22 
o mesh29
f 61//21 50//21 52//21 
f 62//21 61//21 59//21 
f 59//21 60//21 62//21 
f 52//21 59//21 61//21 
o mesh30
f 62//22 63//22 64//22 
f 61//22 64//22 45//22 
f 45//22 50//22 61//22 
f 64//22 61//22 62//22 
o mesh31
f 63//23 65//23 66//23 
f 64//23 66//23 37//23 
f 37//23 45//23 64//23 
f 66//23 64//23 63//23 
o mesh32
f 57//24 38//24 37//24 
f 58//24 57//24 66//24 
f 66//24 65//24 58//24 
f 37//24 66//24 57//24 
o mesh33
f 55//25 58//25 67//25 
f 67//25 68//25 55//25 
o mesh34
f 67//26 69//26 70//26 
f 71//26 72//26 70//26 
f 70//26 69//26 71//26 
f 70//26 68//26 67//26 
o mesh35
f 55//27 68//27 70//27 
f 70//27 60//27 55//27 
o mesh36
f 62//28 60//28 70//28 
f 70//28 72//28 62//28 
o mesh37
f 62//27 72//27 71//27 
f 71//27 63//27 62//27 
o mesh38
f 63//29 71//29 69//29 
f 69//29 65//29 63//29 
o mesh39
f 58//30 65//30 69//30 
f 69//30 67//30 58//30 
g 
v 3.03111 3.93465 -3.16111 
v -3.68933 0.0627939 -3.81933 
v -3.6635 0.214694 -3.7935 
v 3.00989 4.05945 -3.13989 
v -3.7182 0.0428076 -3.80244 
v 3.10998 3.97674 -3.13367 
v -3.7182 0.0461595 -3.82215 
v 3.10998 3.98009 -3.15339 
v 3.04943 4.07888 -3.1163 
v -3.77874 0.144948 -3.78507 
v 3.04943 4.08223 -3.13602 
v -3.77874 0.1483 -3.80479 
v -2.51121 6.99287 -2.66121 
v -2.4711 7.2288 -2.6011 
v -2.99473 4.14862 -3.12473 
v -2.44528 7.3807 -2.57528 
v -1.99386 10.0361 -2.12386 
v -2.01968 9.88423 -2.14968 
v -1.32242 13.9857 -1.47242 
v -1.62297 12.2178 -1.75297 
v -1.6488 12.0659 -1.7788 
v -3.7 0 -3.85 
v -3.02056 3.99672 -3.15056 
v -1.32275 13.9838 -1.45275 
v -3.7 0 -3.83 
v -2.66 7 -2.66 
v -1.47 14 -1.47 
v -3.85 0 -3.85 
v -3.85 0 -3.7 
v -3.83 0 -3.83 
v -3.83 0 -3.7 
v -2.66121 6.99287 -2.51121 
v -1.47242 13.9857 -1.32242 
v -2.64137 6.99192 -2.51137 
v -1.45275 13.9838 -1.32275 
v -2.64032 6.9981 -2.64032 
v -1.45065 13.9962 -1.45065 
v -0.935129 32.188 -0.805129 
v -0.954819 32.1894 -0.804819 
v -1.21362 23.0876 -1.06362 
v -1.19394 23.0859 -1.06394 
v -0.9525 32.2 -0.9525 
v -1.21125 23.1 -1.21125 
v -0.804819 32.1894 -0.954819 
v -1.06362 23.0876 -1.21362 
v -0.16519 38.9075 -0.0151901 
v -0.165 38.9 -0.165 
v -0.145215 38.9086 -0.0152155 
v -1.26297 20.5967 -1.26297 
v -1.25803 20.7705 -1.25803 
v -1.36271 17.0887 -1.36271 
v -1.31641 18.7172 -1.31641 
v -1.37214 16.7571 -1.37214 
v -0.952218 31.5255 -0.952218 
v -0.945595 31.7584 -0.945595 
v -1.07327 27.2681 -1.07327 
v -1.21172 22.3989 -1.21172 
v -0.985427 30.3575 -0.985427 
v -1.03173 28.7291 -1.03173 
v -1.30927 18.9682 -1.30927 
v -1.41845 15.1286 -1.41845 
v -0.991898 30.1299 -0.991898 
v -1.11547 25.7841 -1.11547 
v -1.19188 23.0967 -1.19188 
v -1.16259 24.127 -1.16259 
v -1.02697 28.8966 -1.02697 
v -1.16177 24.1556 -1.16177 
v -1.20889 22.4986 -1.20889 
v -0.933119 32.1972 -0.933119 
v -1.23446 17.0888 -1.36446 
v -1.26297 16.0862 -1.39297 
v -1.21172 17.8885 -1.34172 
v -1.18102 18.9683 -1.31102 
v -1.2902 15.1287 -1.4202 
v -1.16259 19.6166 -1.29259 
v -1.11547 21.2736 -1.24547 
v -1.12977 20.7705 -1.25977 
v -1.08064 22.4986 -1.21064 
v -1.06394 23.0859 -1.19394 
v -1.02697 24.3861 -1.15697 
v -1.03352 24.1557 -1.16352 
v -0.85616 30.3933 -0.98616 
v -0.863647 30.13 -0.993647 
v -0.945019 27.2682 -1.07502 
v -0.903479 28.7291 -1.03348 
v -0.985427 25.8471 -1.11543 
v -0.945595 27.2479 -1.0756 
v -0.823966 31.5255 -0.953966 
v -0.805129 32.188 -0.935129 
v -1.31641 14.2067 -1.44641 
v -0.0151901 38.9075 -0.16519 
v -0.145051 38.902 -0.145051 
v -0.0152155 38.9086 -0.145215 
v 2.48166 7.16672 -2.61166 
v 2.46044 7.29152 -2.59044 
v 2.03023 9.82216 -2.16023 
v 2.00902 9.94696 -2.13902 
v 1.65935 12.0038 -1.78935 
v 1.63813 12.1286 -1.76813 
v 1.35463 13.7963 -1.48463 
v 1.33342 13.9211 -1.46342 
v 2.51121 6.99287 -2.66121 
v 1.32242 13.9857 -1.47242 
v 3.7 0 -3.85 
v 3.7 0 -3.83 
v 1.32275 13.9838 -1.45275 
v 1.47 14 -1.47 
v 2.66 7 -2.66 
v 3.85 0 -3.85 
v 3.83 0 -3.83 
v 3.85 0 -3.7 
v 3.83 0 -3.7 
v 1.47242 13.9857 -1.32242 
v 2.66121 6.99287 -2.51121 
v 2.64032 6.9981 -2.64032 
v 1.45065 13.9962 -1.45065 
v 2.64137 6.99192 -2.51137 
v 1.45275 13.9838 -1.32275 
v 0.935129 32.188 -0.805129 
v 1.19394 23.0859 -1.06394 
v 1.21362 23.0876 -1.06362 
v 0.954819 32.1894 -0.804819 
v 0.804819 32.1894 -0.954819 
v 0.9525 32.2 -0.9525 
v 1.21125 23.1 -1.21125 
v 1.06362 23.0876 -1.21362 
v 0.165 38.9 -0.165 
v 0.16519 38.9075 -0.0151901 
v 0.145215 38.9086 -0.0152155 
v 1.03385 28.6545 -1.03385 
v 1.07137 27.3349 -1.07137 
v 0.994019 30.0554 -0.994019 
v 1.31749 18.6791 -1.31749 
v 1.36483 17.0141 -1.36483 
v 1.31139 18.8936 -1.31139 
v 1.21281 22.3608 -1.21281 
v 1.26015 20.6959 -1.26015 
v 1.07539 27.1936 -1.07539 
v 0.98651 30.3194 -0.98651 
v 1.19188 23.0967 -1.19188 
v 1.11871 25.67 -1.11871 
v 1.16367 24.0889 -1.16367 
v 1.11655 25.746 -1.11655 
v 0.955825 31.3986 -0.955825 
v 0.933119 32.1972 -0.933119 
v 0.946678 31.7203 -0.946678 
v 1.26405 20.5586 -1.26405 
v 1.16389 24.0811 -1.16389 
v 1.42208 15.001 -1.42208 
v 1.16367 19.5785 -1.29367 
v 1.1319 20.6959 -1.2619 
v 1.11655 21.2356 -1.24655 
v 1.18314 18.8937 -1.31314 
v 1.23658 17.0142 -1.36658 
v 1.21281 17.8504 -1.34281 
v 1.26405 16.0482 -1.39405 
v 1.07137 22.8245 -1.20137 
v 1.06394 23.0859 -1.19394 
v 1.29383 15.001 -1.42383 
v 0.908484 28.5531 -1.03848 
v 0.9056 28.6545 -1.0356 
v 0.98651 25.809 -1.11651 
v 0.94714 27.1936 -1.07714 
v 1.03564 24.0811 -1.16564 
v 1.31749 14.1686 -1.44749 
v 0.838547 31.0127 -0.968547 
v 0.827573 31.3987 -0.957573 
v 0.865768 30.0554 -0.995768 
v 0.990462 25.67 -1.12046 
v 0.946678 27.2099 -1.07668 
v 0.805129 32.188 -0.935129 
v 0.0151901 38.9075 -0.16519 
v 0.145051 38.902 -0.145051 
v 0.0152155 38.9086 -0.145215 
v -3.04943 3.97674 -3.13367 
v -3.04943 3.98009 -3.15339 
v 2.56052 7.20881 -2.58422 
v 2.56052 7.21216 -2.60393 
v 2.49998 7.31095 -2.56685 
v -3.10998 4.07888 -3.1163 
v 2.49998 7.3143 -2.58657 
v -3.10998 4.08223 -3.13602 
v -2.04855 9.8676 -2.15251 
v -2.1091 9.96974 -2.13514 
v -1.67767 12.0493 -1.78162 
v -1.73821 12.1514 -1.76426 
v -2.56052 7.3143 -2.58657 
v -2.49998 7.21216 -2.60393 
v -1.37214 13.9886 -1.45194 
v -2.49998 7.20881 -2.58422 
v -2.56052 7.31095 -2.56685 
v 2.04855 9.96639 -2.11543 
v 2.04855 9.96974 -2.13514 
v 2.1091 9.86425 -2.13279 
v 2.1091 9.8676 -2.15251 
v -2.1091 9.96639 -2.11543 
v -2.04855 9.86425 -2.13279 
v 1.73821 12.0459 -1.76191 
v 1.73821 12.0493 -1.78162 
v 1.67767 12.1481 -1.74454 
v 1.67767 12.1514 -1.76426 
v 1.37295 13.9439 -1.45954 
v 1.4335 13.8417 -1.47691 
v 1.37295 13.9405 -1.43983 
v -1.73821 12.1481 -1.74454 
v -1.67767 12.0459 -1.76191 
v 1.4335 13.8384 -1.45719 
v -0.519053 35.7213 -0.498884 
v -0.517742 35.7324 -0.497574 
v -0.304033 37.5506 -0.283864 
v -0.30223 37.566 -0.282061 
v -0.305344 37.5395 -0.285175 
v -0.515939 35.7478 -0.49577 
v -0.515443 35.7507 -0.515443 
v -0.192503 38.4995 -0.172334 
v -0.301733 37.569 -0.301733 
v -0.518692 35.7231 -0.518692 
v -0.189388 38.526 -0.16922 
v -0.191192 38.5107 -0.171023 
v -0.304983 37.5413 -0.304983 
v -0.192142 38.5014 -0.192142 
v -0.188892 38.529 -0.188892 
v 0.0991774 38.1067 -0.218512 
v 0.236877 38.122 -0.216708 
v -0.0516892 38.5107 -0.171023 
v 0.23868 38.1067 -0.218512 
v -0.16453 37.5506 -0.283864 
v 0.239991 38.0955 -0.219822 
v 0.254468 36.7854 -0.373802 
v 0.392167 36.8008 -0.371999 
v 0.393971 36.7854 -0.373802 
v -0.37824 35.7324 -0.497574 
v 0.395281 36.7743 -0.375113 
v -0.178537 38.4831 -0.194408 
v 0.0991774 38.109 -0.238375 
v -0.283011 37.5942 -0.298882 
v -0.16453 37.5531 -0.304424 
v 0.141798 37.9657 -0.255927 
v 0.23963 38.0973 -0.23963 
v 0.101745 38.3064 -0.215874 
v -0.126235 38.5131 -0.191235 
v -0.0516892 38.5131 -0.191583 
v 0.173723 38.109 -0.238723 
v -0.239076 37.553 -0.304076 
v -0.291378 37.523 -0.307249 
v 0.254468 36.7878 -0.393666 
v 0.257035 36.9852 -0.371165 
v 0.391671 36.8038 -0.391671 
v 0.329014 36.7878 -0.394014 
v -0.49672 35.776 -0.512591 
v -0.452785 35.7348 -0.517785 
v 0.297089 36.6445 -0.411218 
v -0.37824 35.7348 -0.518133 
v 0.0434368 38.8396 -0.13236 
v 0.0434368 38.842 -0.152223 
v -0.17017 38.5542 -0.186041 
v 0.0598027 38.6633 -0.173932 
v 0.0917277 38.8066 -0.156728 
v 0.140019 38.7689 -0.140673 
v 0.140019 38.7712 -0.160569 
v 0.23638 38.125 -0.23638 
v 0.548573 34.2832 -0.667907 
v -0.505088 35.7048 -0.520959 
v 0.548573 34.2856 -0.68777 
v 0.394921 36.7761 -0.394921 
v 0.686272 34.2986 -0.666103 
v 0.55114 34.483 -0.665269 
v 0.685776 34.3016 -0.685776 
v 0.688076 34.2832 -0.667907 
v 0.689386 34.2721 -0.669217 
v 0.689025 34.2739 -0.689025 
v 0.591193 34.1422 -0.705322 
v 0.623118 34.2856 -0.688118 
v 0.838547 32.1904 -0.934604 
v 0.908484 32.1954 -0.933505 
v -0.90582 32.3266 -0.917998 
v -0.85616 32.1917 -0.934327 
v -0.857529 32.2912 -0.922529 
v -0.901464 32.3324 -0.917335 
v -0.809238 32.2559 -0.927034 
v -0.90582 32.3242 -0.898161 
v -0.809238 32.2535 -0.906474 
v -1.02467 28.0241 -1.05215 
v -0.989022 27.9759 -1.05402 
v -0.986856 28.0521 -1.05186 
v -0.983999 29.4544 -1.01148 
v -0.946188 29.4823 -1.01119 
v -0.948353 29.4062 -1.01335 
v -0.945003 30.8259 -0.972481 
v -0.907192 30.8538 -0.972192 
v -0.909357 30.7776 -0.974357 
v -1.03143 26.4843 -1.09643 
v -1.06708 26.5325 -1.09456 
v -1.02927 26.5605 -1.09427 
v -1.11131 24.977 -1.13879 
v -1.0735 25.0049 -1.1385 
v -1.07567 24.9287 -1.14067 
v -1.15744 23.3547 -1.18492 
v -1.11963 23.3826 -1.18463 
v -1.12179 23.3065 -1.18679 
v -1.16773 21.6908 -1.23273 
v -1.1699 21.6146 -1.2349 
v -1.20554 21.6628 -1.23302 
v -1.2179 19.9264 -1.2829 
v -1.22007 19.8502 -1.28507 
v -1.25571 19.8984 -1.28319 
v -1.27022 18.0863 -1.33522 
v -1.27239 18.0102 -1.33739 
v -1.30803 18.0584 -1.33551 
v -1.32479 16.1674 -1.38979 
v -1.32695 16.0912 -1.39195 
v -1.3626 16.1394 -1.39008 
v -1.38386 14.0899 -1.44886 
v -1.4195 14.1382 -1.44698 
v -1.38169 14.1661 -1.44669 
v -1.02697 28.7291 -1.0318 
v -1.02697 27.2682 -1.0739 
v -0.985427 28.7291 -1.03236 
v -0.985427 27.2682 -1.07447 
v -0.985427 30.1299 -0.991987 
v -0.945595 28.7291 -1.0329 
v -0.945595 30.13 -0.99253 
v -0.945595 27.2682 -1.07501 
v -1.31641 15.1287 -1.41984 
v -1.31641 17.0887 -1.36334 
v -1.26297 17.0888 -1.36407 
v -1.26297 18.9683 -1.3099 
v -1.21172 20.7705 -1.25866 
v -1.21172 18.9683 -1.3106 
v -1.16259 22.4986 -1.20952 
v -1.16259 20.7705 -1.25933 
v -1.11547 22.4986 -1.21016 
v -1.11547 24.1557 -1.1624 
v -0.945595 31.5255 -0.952308 
v -0.85616 31.5255 -0.953527 
v -1.37214 15.1286 -1.41908 
v 1.32903 16.0182 -1.39403 
v -1.34821 14.0417 -1.45023 
v 1.29131 16.1394 -1.39058 
v 1.32695 16.0912 -1.39195 
v 1.29131 16.1389 -1.37059 
v -1.4195 14.1376 -1.42749 
v -1.34821 14.0411 -1.43024 
v 1.3626 16.0424 -1.37333 
v 1.3626 16.0429 -1.39286 
v 1.27446 17.9371 -1.33946 
v -1.29131 16.0429 -1.39332 
v 1.23674 18.0584 -1.33602 
v 1.27239 18.0102 -1.33739 
v 1.23674 18.0578 -1.31602 
v -1.3626 16.1389 -1.37059 
v -1.29131 16.0424 -1.37333 
v 1.30803 17.9613 -1.31877 
v 1.30803 17.9619 -1.33829 
v 1.22214 19.7772 -1.28714 
v -1.23674 17.9619 -1.33876 
v 1.18442 19.8985 -1.2837 
v 1.22007 19.8502 -1.28507 
v 1.18442 19.8979 -1.2637 
v -1.30803 18.0578 -1.31602 
v -1.23674 17.9613 -1.31877 
v 1.25571 19.8014 -1.26645 
v 1.25571 19.802 -1.28597 
v 1.17198 21.5416 -1.23698 
v -1.18442 19.802 -1.28644 
v 1.13425 21.6629 -1.23353 
v 1.1699 21.6146 -1.2349 
v 1.13425 21.6623 -1.21354 
v -1.25571 19.8979 -1.2637 
v -1.18442 19.8014 -1.26645 
v 1.20554 21.5658 -1.21628 
v 1.20554 21.5664 -1.2358 
v 1.12387 23.2334 -1.18887 
v -1.13425 21.5664 -1.23627 
v 1.08615 23.3547 -1.18542 
v 1.12179 23.3065 -1.18679 
v 1.08615 23.3541 -1.16543 
v -1.20554 21.6623 -1.21354 
v -1.13425 21.5658 -1.21628 
v 1.15744 23.2576 -1.16817 
v 1.15744 23.2582 -1.1877 
v 1.07774 24.8557 -1.14274 
v -1.08615 23.2582 -1.18816 
v 1.04002 24.977 -1.13929 
v 1.07567 24.9287 -1.14067 
v 1.04002 24.9764 -1.1193 
v -1.15744 23.3541 -1.16543 
v -1.08615 23.2576 -1.16817 
v 1.11131 24.8799 -1.12204 
v 1.11131 24.8805 -1.14157 
v 0.991098 27.9029 -1.0561 
v -0.995789 26.436 -1.09781 
v 0.953376 28.0241 -1.05265 
v 0.989022 27.9759 -1.05402 
v 0.953376 28.0236 -1.03266 
v -1.06708 26.532 -1.07507 
v -0.995789 26.4355 -1.07781 
v 1.02467 27.9271 -1.0354 
v 1.02467 27.9276 -1.05493 
v 0.95043 29.3331 -1.01543 
v -0.953376 27.9277 -1.05539 
v 0.912708 29.4544 -1.01198 
v 0.948353 29.4062 -1.01335 
v 0.912708 29.4538 -0.99199 
v -1.02467 28.0236 -1.03266 
v -0.953376 27.9271 -1.0354 
v 0.983999 29.3574 -0.994733 
v 0.983999 29.3579 -1.01426 
v 0.911434 30.7046 -0.976434 
v -0.912708 29.3579 -1.01473 
v 0.873712 30.8259 -0.972985 
v 0.909357 30.7776 -0.974357 
v 0.873712 30.8253 -0.952994 
v -0.983999 29.4538 -0.99199 
v -0.912708 29.3574 -0.994733 
v 0.945003 30.7288 -0.955737 
v 0.945003 30.7294 -0.975262 
v 0.874041 32.0197 -0.939041 
v -0.873712 30.7294 -0.975729 
v 0.836319 32.1409 -0.935593 
v 0.871965 32.0927 -0.936965 
v 0.836319 32.1404 -0.915601 
v -0.945003 30.8253 -0.952994 
v -0.873712 30.7288 -0.955737 
v 0.90761 32.0439 -0.918345 
v 0.90761 32.0444 -0.937869 
v 1.06708 26.436 -1.09734 
v 1.03351 26.4113 -1.09851 
v 1.03143 26.4843 -1.09643 
v 1.11655 25.67 -1.11874 
v 1.07137 25.67 -1.11936 
v 1.11655 24.0811 -1.16454 
v 1.07137 24.0811 -1.16515 
v 0.98651 28.6545 -1.0345 
v 0.98651 30.0554 -0.994122 
v 0.946678 28.6545 -1.03504 
v 0.946678 30.0554 -0.994665 
v 0.908484 30.0554 -0.995185 
v 0.946678 31.3986 -0.95595 
v 0.908484 31.3986 -0.95647 
v 1.31749 17.0142 -1.36548 
v 1.31749 15.001 -1.4235 
v 1.26405 18.8937 -1.31204 
v 1.26405 17.0142 -1.36621 
v 1.21281 20.6959 -1.26079 
v 1.21281 18.8937 -1.31274 
v 1.16367 20.6959 -1.26146 
v 1.16367 24.0811 -1.1639 
v 1.07137 27.1936 -1.07545 
v 0.98651 27.1936 -1.0766 
v 0.838547 31.3987 -0.957424 
v 0.908484 28.6545 -1.03556 
v -1.04002 24.8805 -1.14204 
v 0.995789 26.5325 -1.09506 
v 0.995789 26.532 -1.07507 
v -1.11131 24.9764 -1.1193 
v -1.04002 24.8799 -1.12204 
v 1.06708 26.4355 -1.07781 
vn 2.89184e-15 0.167595 -0.985856 
vn 0.504556 -0.851167 -0.144698 
vn -0.504556 0.851167 0.144698 
vn -4.73082e-15 -0.167595 0.985856 
vn 0.863379 0.49742 0.0845614 
vn -0.863379 -0.49742 -0.0845614 
vn 0.985856 -0.167595 0 
vn -2.91872e-15 0.167595 -0.985856 
vn 0 -1 0 
vn -0.985856 0.167595 1.16749e-14 
vn -4.37808e-14 -0.167595 0.985856 
vn 0.985856 -0.167595 0 
vn 0.0136361 -0.0288074 0.999492 
vn -0.999492 0.0288074 -0.0136361 
vn -0.0136361 0.0288074 -0.999492 
vn -0.993039 0.117564 -0.00718354 
vn 0.00718354 -0.117564 0.993039 
vn 0.999492 -0.0288074 0.0136361 
vn -0.00718354 0.117564 -0.993039 
vn -0.0503188 0.997465 -0.0503188 
vn 0.993039 -0.117564 0.00718354 
vn 2.92179e-15 0.167595 -0.985856 
vn -0.985856 -0.167595 -5.41071e-14 
vn 0 -1 0 
vn 0.985856 0.167595 7.40757e-15 
vn -0.985856 -0.167595 -1.3694e-14 
vn -1.03263e-14 -0.167595 0.985856 
vn -0.0136361 -0.0288074 0.999492 
vn 0.0136361 0.0288074 -0.999492 
vn 0.999492 0.0288074 -0.0136361 
vn 0.993039 0.117564 -0.00718354 
vn -0.00718354 -0.117564 0.993039 
vn -0.999492 -0.0288074 0.0136361 
vn 0.00718354 0.117564 -0.993039 
vn 0.0503188 0.997465 -0.0503188 
vn -0.993039 -0.117564 0.00718354 
vn 0.504556 -0.851167 -0.144698 
vn -0.504556 0.851167 0.144698 
vn -2.92179e-15 -0.167595 0.985856 
vn 0.863379 0.49742 0.0845614 
vn -0.863379 -0.49742 -0.0845614 
vn -3.36775e-15 -0.167595 0.985856 
vn -0.504556 0.851167 0.144698 
vn 0.504556 -0.851167 -0.144698 
vn -3.22351e-15 -0.167595 0.985856 
vn 0.863379 0.49742 0.0845614 
vn -0.863379 -0.49742 -0.0845614 
vn 0.504556 -0.851167 -0.144698 
vn -0.504556 0.851167 0.144698 
vn -3.316e-15 -0.167595 0.985856 
vn 0.863379 0.49742 0.0845614 
vn -0.504556 0.851167 0.144698 
vn 0.504556 -0.851167 -0.144698 
vn -3.12719e-15 -0.167595 0.985856 
vn 0.863379 0.49742 0.0845614 
vn -0.863379 -0.49742 -0.0845614 
vn 0.993039 -0.117564 0.00718354 
vn -1.3696e-15 -0.116734 0.993163 
vn -0.804863 -0.589404 -0.0692769 
vn -0.804863 0.589404 0.0692769 
vn 0.804863 -0.589404 -0.0692769 
vn -0.0047008 0.113289 -0.993551 
vn -0.0047008 0.120174 -0.992742 
vn -0.804863 -0.589404 -0.0692769 
vn 0.804863 0.589404 0.0692769 
vn -0.0047008 0.113289 -0.993551 
vn -0.804863 0.589404 0.0692769 
vn -0.0047008 0.120174 -0.992742 
vn -1.15615e-16 -0.116734 0.993163 
vn 0.593461 0.79936 0.0939546 
vn 0.804863 -0.589404 -0.0692769 
vn 0.804863 0.589404 0.0692769 
vn -0.804863 -0.589404 -0.0692769 
vn 0.804863 -0.589404 -0.0692769 
vn 0.804863 0.589404 0.0692769 
vn -5.95863e-16 -0.116734 0.993163 
vn -0.993039 -0.117564 0.00718354 
vn -0.00718354 -0.117564 0.993039 
vn -0.0047008 0.113289 -0.993551 
vn 0.00718354 -0.117564 0.993039 
vn -0.0047008 0.120174 -0.992742 
vn -0.593461 -0.79936 -0.0939546 
vn -0.804863 0.589404 0.0692769 
vn -6.11862e-16 -0.116734 0.993163 
vn 0.804863 -0.589404 -0.0692769 
vn 0.0136361 -0.0288074 0.999492 
vn 3.51271e-15 0.0284226 -0.999596 
vn -0.594089 0.804075 0.0228631 
vn -0.8044 -0.593849 -0.0168855 
vn 0.594089 -0.804075 -0.0228631 
vn 0.8044 0.593849 0.0168855 
vn -3.51065e-15 -0.0284226 0.999596 
vn 3.19093e-15 0.0284226 -0.999596 
vn -0.594089 0.804075 0.0228631 
vn -0.8044 -0.593849 -0.0168855 
vn 0.594089 -0.804075 -0.0228631 
vn 0.8044 0.593849 0.0168855 
vn -4.29037e-15 -0.0284226 0.999596 
vn 3.26059e-15 0.0284226 -0.999596 
vn -0.594089 0.804075 0.0228631 
vn -0.8044 -0.593849 -0.0168855 
vn 0.594089 -0.804075 -0.0228631 
vn 0.8044 0.593849 0.0168855 
vn -3.75998e-15 -0.0284226 0.999596 
vn 3.3537e-15 0.0284226 -0.999596 
vn -0.594089 0.804075 0.0228631 
vn -0.8044 -0.593849 -0.0168855 
vn 0.594089 -0.804075 -0.0228631 
vn 0.8044 0.593849 0.0168855 
vn -3.3537e-15 -0.0284226 0.999596 
vn 4.50829e-15 0.0284226 -0.999596 
vn -0.594089 0.804075 0.0228631 
vn -0.8044 -0.593849 -0.0168855 
vn 0.594089 -0.804075 -0.0228631 
vn 0.8044 0.593849 0.0168855 
vn -3.40497e-15 -0.0284226 0.999596 
vn 3.69831e-15 0.0284226 -0.999596 
vn -0.594089 0.804075 0.0228631 
vn -0.8044 -0.593849 -0.0168855 
vn 0.594089 -0.804075 -0.0228631 
vn 0.8044 0.593849 0.0168855 
vn -4.79561e-15 -0.0284226 0.999596 
vn 4.93671e-15 0.0284226 -0.999596 
vn -0.594089 0.804075 0.0228631 
vn -0.8044 -0.593849 -0.0168855 
vn 0.594089 -0.804075 -0.0228631 
vn 0.8044 0.593849 0.0168855 
vn -4.93394e-15 -0.0284226 0.999596 
vn 5.00436e-15 0.0284226 -0.999596 
vn -0.594089 0.804075 0.0228631 
vn -0.8044 -0.593849 -0.0168855 
vn 0.594089 -0.804075 -0.0228631 
vn 0.8044 0.593849 0.0168855 
vn -3.9038e-15 -0.0284226 0.999596 
vn 5.23098e-15 0.0284226 -0.999596 
vn -0.594089 0.804075 0.0228631 
vn -0.8044 -0.593849 -0.0168855 
vn 0.594089 -0.804075 -0.0228631 
vn 0.8044 0.593849 0.0168855 
vn -4.68414e-15 -0.0284226 0.999596 
vn 3.98102e-15 0.0284226 -0.999596 
vn -0.594089 0.804075 0.0228631 
vn -0.8044 -0.593849 -0.0168855 
vn 0.594089 -0.804075 -0.0228631 
vn 0.8044 0.593849 0.0168855 
vn -3.98102e-15 -0.0284226 0.999596 
vn -0.0136361 -0.0288074 0.999492 
vn 4.83172e-15 0.0284226 -0.999596 
vn -0.594089 0.804075 0.0228631 
vn -0.8044 -0.593849 -0.0168855 
vn 0.594089 -0.804075 -0.0228631 
vn 0.8044 0.593849 0.0168855 
vn -3.72975e-15 -0.0284226 0.999596 
o mesh40
f 73//31 74//31 75//31 
f 75//31 76//31 73//31 
o mesh41
f 77//32 74//32 73//32 
f 73//32 78//32 77//32 
f 77//32 79//32 74//32 
f 73//32 80//32 78//32 
o mesh42
f 81//33 76//33 75//33 
f 75//33 82//33 81//33 
f 81//33 83//33 76//33 
f 75//33 84//33 82//33 
o mesh43
f 82//34 77//34 78//34 
f 78//34 81//34 82//34 
o mesh44
f 81//35 78//35 80//35 
f 80//35 83//35 81//35 
o mesh45
f 79//36 77//36 82//36 
f 82//36 84//36 79//36 
o mesh46
f 85//37 86//37 87//37 
f 85//37 88//37 86//37 
f 85//37 89//37 90//37 
f 91//37 92//37 93//37 
f 94//37 75//37 74//37 
f 94//37 85//37 95//37 
f 90//37 88//37 85//37 
f 93//37 89//37 91//37 
f 95//37 75//37 94//37 
f 89//37 85//37 91//37 
f 87//37 95//37 85//37 
f 91//37 96//37 92//37 
f 74//37 97//37 94//37 
o mesh47
f 98//38 85//38 94//38 
f 99//38 91//38 85//38 
f 85//38 98//38 99//38 
f 94//38 100//38 98//38 
o mesh48
f 101//39 100//39 102//39 
f 94//39 97//39 102//39 
f 102//39 100//39 94//39 
f 102//39 103//39 101//39 
o mesh49
f 99//40 98//40 104//40 
f 98//40 100//40 101//40 
f 101//40 104//40 98//40 
f 104//40 105//40 99//40 
o mesh50
f 105//41 104//41 106//41 
f 104//41 101//41 103//41 
f 103//41 106//41 104//41 
f 106//41 107//41 105//41 
o mesh51
f 108//42 106//42 103//42 
f 109//42 107//42 106//42 
f 106//42 108//42 109//42 
f 103//42 102//42 108//42 
o mesh52
f 110//43 111//43 112//43 
f 113//43 112//43 105//43 
f 105//43 107//43 113//43 
f 112//43 113//43 110//43 
o mesh53
f 111//44 114//44 115//44 
f 112//44 115//44 99//44 
f 99//44 105//44 112//44 
f 115//44 112//44 111//44 
o mesh54
f 116//45 117//45 115//45 
f 117//45 91//45 99//45 
f 99//45 115//45 117//45 
f 115//45 114//45 116//45 
o mesh55
f 111//46 118//46 119//46 
f 119//46 114//46 111//46 
o mesh56
f 110//47 120//47 118//47 
f 118//47 111//47 110//47 
o mesh57
f 113//48 121//48 122//48 
f 113//48 123//48 124//48 
f 107//48 125//48 123//48 
f 110//48 126//48 127//48 
f 110//48 113//48 128//48 
f 122//48 129//48 113//48 
f 123//48 113//48 107//48 
f 110//48 130//48 126//48 
f 128//48 131//48 110//48 
f 113//48 132//48 121//48 
f 107//48 133//48 125//48 
f 110//48 134//48 130//48 
f 113//48 135//48 128//48 
f 113//48 136//48 137//48 
f 124//48 132//48 113//48 
f 110//48 138//48 134//48 
f 113//48 139//48 135//48 
f 113//48 140//48 136//48 
f 107//48 109//48 133//48 
f 131//48 138//48 110//48 
f 129//48 140//48 113//48 
f 137//48 139//48 113//48 
f 127//48 141//48 110//48 
o mesh58
f 91//48 142//48 143//48 
f 91//48 144//48 142//48 
f 91//48 117//48 145//48 
f 143//48 146//48 91//48 
f 117//48 147//48 145//48 
f 145//48 144//48 91//48 
f 117//48 148//48 149//48 
f 149//48 147//48 117//48 
f 117//48 150//48 148//48 
f 117//48 151//48 150//48 
f 117//48 152//48 153//48 
f 116//48 154//48 155//48 
f 153//48 151//48 117//48 
f 117//48 116//48 156//48 
f 155//48 157//48 116//48 
f 117//48 158//48 152//48 
f 156//48 159//48 117//48 
f 116//48 160//48 154//48 
f 159//48 158//48 117//48 
f 116//48 161//48 160//48 
f 157//48 156//48 116//48 
f 146//48 162//48 91//48 
f 162//48 96//48 91//48 
o mesh59
f 116//49 114//49 119//49 
f 119//49 163//49 116//49 
o mesh60
f 163//50 119//50 164//50 
f 118//50 120//50 164//50 
f 164//50 119//50 118//50 
f 164//50 165//50 163//50 
o mesh61
f 161//51 116//51 163//51 
f 163//51 165//51 161//51 
o mesh62
f 166//52 95//52 87//52 
f 87//52 167//52 166//52 
o mesh63
f 168//52 86//52 88//52 
f 88//52 169//52 168//52 
o mesh64
f 170//52 90//52 89//52 
f 89//52 171//52 170//52 
o mesh65
f 172//52 93//52 92//52 
f 92//52 173//52 172//52 
o mesh66
f 174//53 166//53 167//53 
f 175//53 174//53 169//53 
f 167//53 168//53 174//53 
f 175//53 170//53 171//53 
f 168//53 169//53 174//53 
f 175//53 172//53 173//53 
f 169//53 170//53 175//53 
f 174//53 73//53 76//53 
f 176//53 177//53 73//53 
f 171//53 172//53 175//53 
f 73//53 174//53 176//53 
f 76//53 166//53 174//53 
f 173//53 178//53 175//53 
o mesh67
f 179//52 180//52 174//52 
f 180//52 181//52 176//52 
f 176//52 174//52 180//52 
f 174//52 175//52 179//52 
o mesh68
f 176//54 181//54 182//54 
f 183//54 184//54 182//54 
f 182//54 181//54 183//54 
f 182//54 177//54 176//54 
o mesh69
f 179//55 185//55 186//55 
f 180//55 186//55 183//55 
f 183//55 181//55 180//55 
f 186//55 180//55 179//55 
o mesh70
f 187//56 182//56 184//56 
f 188//56 187//56 189//56 
f 189//56 190//56 188//56 
f 184//56 189//56 187//56 
o mesh71
f 186//57 189//57 184//57 
f 185//57 190//57 189//57 
f 189//57 186//57 185//57 
f 184//57 183//57 186//57 
o mesh72
f 191//58 192//58 193//58 
f 192//58 190//58 185//58 
f 185//58 193//58 192//58 
f 193//58 194//58 191//58 
o mesh73
f 195//59 196//59 197//59 
f 198//59 197//59 179//59 
f 179//59 175//59 198//59 
f 197//59 198//59 195//59 
o mesh74
f 194//60 193//60 197//60 
f 193//60 185//60 179//60 
f 179//60 197//60 193//60 
f 197//60 196//60 194//60 
o mesh75
f 194//61 196//61 199//61 
f 199//61 200//61 194//61 
o mesh76
f 191//62 194//62 200//62 
f 200//62 201//62 191//62 
o mesh77
f 191//63 202//63 203//63 
f 191//63 204//63 202//63 
f 190//63 205//63 206//63 
f 192//63 207//63 205//63 
f 192//63 208//63 209//63 
f 192//63 203//63 210//63 
f 191//63 211//63 204//63 
f 205//63 190//63 192//63 
f 192//63 212//63 208//63 
f 192//63 213//63 214//63 
f 210//63 215//63 192//63 
f 191//63 216//63 211//63 
f 191//63 217//63 218//63 
f 192//63 219//63 207//63 
f 192//63 220//63 212//63 
f 215//63 213//63 192//63 
f 218//63 216//63 191//63 
f 209//63 219//63 192//63 
f 203//63 192//63 191//63 
f 214//63 220//63 192//63 
f 206//63 221//63 190//63 
f 221//63 188//63 190//63 
o mesh78
f 198//63 222//63 223//63 
f 223//63 224//63 198//63 
f 198//63 175//63 225//63 
f 175//63 226//63 227//63 
f 225//63 222//63 198//63 
f 175//63 228//63 226//63 
f 227//63 225//63 175//63 
f 198//63 229//63 230//63 
f 175//63 231//63 228//63 
f 195//63 232//63 233//63 
f 198//63 234//63 235//63 
f 230//63 236//63 198//63 
f 175//63 237//63 231//63 
f 195//63 238//63 239//63 
f 233//63 240//63 195//63 
f 198//63 241//63 234//63 
f 224//63 229//63 198//63 
f 240//63 238//63 195//63 
f 195//63 198//63 242//63 
f 236//63 241//63 198//63 
f 242//63 232//63 195//63 
f 175//63 178//63 237//63 
f 235//63 242//63 198//63 
f 239//63 243//63 195//63 
o mesh79
f 195//64 244//64 199//64 
f 199//64 196//64 195//64 
o mesh80
f 200//65 199//65 245//65 
f 244//65 246//65 245//65 
f 245//65 199//65 244//65 
f 245//65 201//65 200//65 
o mesh81
f 243//66 246//66 244//66 
f 244//66 195//66 243//66 
o mesh82
f 247//67 95//67 166//67 
f 247//67 248//67 95//67 
f 166//67 249//67 247//67 
f 166//67 250//67 249//67 
o mesh83
f 251//68 167//68 87//68 
f 87//68 252//68 251//68 
f 251//68 253//68 167//68 
f 87//68 254//68 252//68 
o mesh84
f 247//69 249//69 251//69 
f 251//69 252//69 247//69 
o mesh85
f 250//70 253//70 251//70 
f 251//70 249//70 250//70 
o mesh86
f 252//71 254//71 248//71 
f 248//71 247//71 252//71 
o mesh87
f 75//72 95//72 248//72 
f 88//72 90//72 255//72 
f 102//72 248//72 254//72 
f 248//72 102//72 84//72 
f 256//72 257//72 258//72 
f 89//72 93//72 257//72 
f 108//72 255//72 256//72 
f 255//72 108//72 259//72 
f 260//72 259//72 108//72 
f 87//72 86//72 260//72 
f 248//72 84//72 75//72 
f 102//72 97//72 79//72 
f 257//72 256//72 89//72 
f 255//72 259//72 88//72 
f 260//72 254//72 87//72 
f 79//72 84//72 102//72 
f 109//72 258//72 92//72 
f 256//72 109//72 108//72 
f 254//72 108//72 102//72 
f 92//72 96//72 261//72 
f 108//72 254//72 260//72 
f 258//72 109//72 256//72 
f 97//72 74//72 79//72 
f 92//72 261//72 109//72 
o mesh88
f 260//71 262//71 263//71 
f 263//71 259//71 260//71 
o mesh89
f 264//73 169//73 88//73 
f 264//73 265//73 169//73 
f 88//73 263//73 264//73 
f 88//73 259//73 263//73 
o mesh90
f 262//74 86//74 168//74 
f 168//74 266//74 262//74 
f 262//74 260//74 86//74 
f 168//74 267//74 266//74 
o mesh91
f 262//75 266//75 264//75 
f 264//75 263//75 262//75 
o mesh92
f 264//76 266//76 267//76 
f 267//76 265//76 264//76 
o mesh93
f 268//77 256//77 255//77 
f 255//77 269//77 268//77 
o mesh94
f 269//78 90//78 170//78 
f 269//78 255//78 90//78 
f 170//78 270//78 269//78 
f 170//78 271//78 270//78 
o mesh95
f 272//79 171//79 89//79 
f 272//79 273//79 171//79 
f 89//79 268//79 272//79 
f 89//79 256//79 268//79 
o mesh96
f 268//80 269//80 270//80 
f 270//80 272//80 268//80 
o mesh97
f 270//81 271//81 273//81 
f 273//81 272//81 270//81 
o mesh98
f 182//80 80//80 73//80 
f 187//80 83//80 80//80 
f 76//80 83//80 187//80 
f 80//80 182//80 187//80 
f 187//80 166//80 76//80 
f 265//80 188//80 271//80 
f 187//80 250//80 166//80 
f 267//80 253//80 250//80 
f 271//80 169//80 265//80 
f 188//80 274//80 275//80 
f 250//80 187//80 267//80 
f 168//80 167//80 253//80 
f 172//80 171//80 273//80 
f 275//80 271//80 188//80 
f 178//80 173//80 274//80 
f 253//80 267//80 168//80 
f 188//80 265//80 267//80 
f 273//80 275//80 172//80 
f 274//80 188//80 178//80 
f 267//80 187//80 188//80 
f 271//80 170//80 169//80 
f 273//80 271//80 275//80 
f 73//80 177//80 182//80 
o mesh99
f 276//82 173//82 92//82 
f 276//82 274//82 173//82 
f 92//82 277//82 276//82 
f 92//82 258//82 277//82 
o mesh100
f 278//83 93//83 172//83 
f 278//83 257//83 93//83 
f 172//83 279//83 278//83 
f 172//83 275//83 279//83 
o mesh101
f 279//84 276//84 277//84 
f 277//84 278//84 279//84 
o mesh102
f 279//85 275//85 274//85 
f 274//85 276//85 279//85 
o mesh103
f 277//86 258//86 257//86 
f 257//86 278//86 277//86 
o mesh104
f 110//87 280//87 281//87 
f 110//87 282//87 283//87 
f 284//87 285//87 286//87 
f 281//87 285//87 110//87 
f 120//87 110//87 287//87 
f 287//87 283//87 288//87 
f 110//87 284//87 282//87 
f 285//87 284//87 110//87 
f 110//87 141//87 289//87 
f 164//87 120//87 290//87 
f 287//87 291//87 120//87 
f 283//87 287//87 110//87 
f 289//87 280//87 110//87 
f 291//87 290//87 120//87 
f 286//87 292//87 284//87 
f 288//87 293//87 287//87 
f 290//87 294//87 164//87 
o mesh105
f 295//88 296//88 297//88 
f 297//88 291//88 287//88 
f 295//88 298//88 296//88 
f 297//88 287//88 295//88 
o mesh106
f 299//88 300//88 295//88 
f 295//88 283//88 299//88 
f 300//88 298//88 295//88 
f 283//88 282//88 299//88 
o mesh107
f 301//88 302//88 299//88 
f 299//88 282//88 284//88 
f 301//88 303//88 302//88 
f 299//88 284//88 301//88 
o mesh108
f 304//88 305//88 301//88 
f 301//88 285//88 304//88 
f 305//88 303//88 301//88 
f 285//88 281//88 304//88 
o mesh109
f 295//89 287//89 306//89 
f 287//89 293//89 306//89 
f 306//89 307//89 295//89 
o mesh110
f 295//90 307//90 308//90 
f 308//90 283//90 295//90 
f 308//90 288//90 283//90 
o mesh111
f 299//91 309//91 310//91 
f 310//91 300//91 299//91 
f 310//91 311//91 300//91 
o mesh112
f 307//92 306//92 312//92 
f 312//92 306//92 313//92 
f 313//92 314//92 312//92 
f 312//92 315//92 307//92 
o mesh113
f 316//93 307//93 310//93 
f 310//93 309//93 316//93 
f 307//93 315//93 310//93 
f 316//93 308//93 307//93 
o mesh114
f 301//94 284//94 317//94 
f 284//94 292//94 317//94 
f 317//94 318//94 301//94 
o mesh115
f 299//95 302//95 319//95 
f 302//95 320//95 319//95 
f 319//95 309//95 299//95 
o mesh116
f 316//96 309//96 319//96 
f 318//96 317//96 316//96 
f 319//96 318//96 316//96 
f 319//96 321//96 318//96 
o mesh117
f 301//97 318//97 322//97 
f 322//97 285//97 301//97 
f 322//97 286//97 285//97 
o mesh118
f 323//98 318//98 324//98 
f 324//98 325//98 323//98 
f 318//98 321//98 324//98 
f 323//98 322//98 318//98 
o mesh119
f 326//97 327//97 328//97 
f 328//97 290//97 326//97 
f 328//97 294//97 290//97 
o mesh120
f 329//98 314//98 313//98 
f 327//98 330//98 329//98 
f 329//98 328//98 327//98 
f 313//98 328//98 329//98 
o mesh121
f 326//99 290//99 297//99 
f 297//99 331//99 326//99 
f 290//99 291//99 297//99 
o mesh122
f 326//100 331//100 330//100 
f 331//100 332//100 330//100 
f 330//100 327//100 326//100 
o mesh123
f 297//101 314//101 329//101 
f 329//101 331//101 297//101 
f 329//101 332//101 331//101 
o mesh124
f 297//102 296//102 312//102 
f 296//102 333//102 312//102 
f 312//102 314//102 297//102 
o mesh125
f 334//103 280//103 335//103 
f 280//103 289//103 335//103 
f 335//103 336//103 334//103 
o mesh126
f 304//104 325//104 324//104 
f 324//104 305//104 304//104 
f 324//104 337//104 305//104 
o mesh127
f 304//105 338//105 339//105 
f 338//105 340//105 339//105 
f 339//105 325//105 304//105 
o mesh128
f 334//106 338//106 304//106 
f 304//106 281//106 280//106 
f 334//106 341//106 338//106 
f 304//106 280//106 334//106 
o mesh129
f 191//107 338//107 341//107 
f 191//107 305//107 338//107 
f 305//107 337//107 340//107 
f 191//107 300//107 302//107 
f 217//107 191//107 342//107 
f 340//107 338//107 305//107 
f 302//107 303//107 191//107 
f 300//107 311//107 320//107 
f 201//107 296//107 298//107 
f 341//107 342//107 191//107 
f 320//107 302//107 300//107 
f 298//107 191//107 201//107 
f 296//107 201//107 245//107 
f 303//107 305//107 191//107 
f 245//107 333//107 296//107 
f 298//107 300//107 191//107 
f 342//107 343//107 217//107 
o mesh130
f 243//108 324//108 319//108 
f 243//108 344//108 339//108 
f 339//108 324//108 243//108 
f 312//108 243//108 310//108 
f 319//108 310//108 243//108 
f 344//108 345//108 339//108 
f 329//108 243//108 312//108 
f 310//108 315//108 312//108 
f 343//108 346//108 347//108 
f 346//108 343//108 344//108 
f 324//108 321//108 319//108 
f 344//108 243//108 346//108 
f 333//108 245//108 332//108 
f 245//108 246//108 330//108 
f 337//108 324//108 339//108 
f 347//108 217//108 343//108 
f 330//108 332//108 245//108 
f 246//108 243//108 329//108 
f 311//108 310//108 319//108 
f 312//108 332//108 329//108 
f 329//108 330//108 246//108 
f 339//108 340//108 337//108 
f 319//108 320//108 311//108 
f 332//108 312//108 333//108 
o mesh131
f 323//109 325//109 339//109 
f 336//109 335//109 323//109 
f 339//109 336//109 323//109 
f 339//109 345//109 336//109 
o mesh132
f 335//110 141//110 348//110 
f 316//110 317//110 322//110 
f 313//110 306//110 308//110 
f 348//110 323//110 335//110 
f 141//110 349//110 350//110 
f 323//110 165//110 316//110 
f 316//110 165//110 313//110 
f 350//110 165//110 323//110 
f 348//110 351//110 323//110 
f 350//110 348//110 141//110 
f 322//110 323//110 316//110 
f 308//110 316//110 313//110 
f 323//110 351//110 350//110 
f 349//110 161//110 350//110 
f 292//110 286//110 322//110 
f 293//110 288//110 308//110 
f 335//110 289//110 141//110 
f 306//110 293//110 308//110 
f 165//110 164//110 328//110 
f 317//110 292//110 322//110 
f 164//110 294//110 328//110 
f 328//110 313//110 165//110 
f 350//110 161//110 165//110 
o mesh133
f 351//111 336//111 344//111 
f 336//111 345//111 344//111 
f 344//111 352//111 350//111 
f 344//111 350//111 351//111 
o mesh134
f 353//112 348//112 350//112 
f 350//112 354//112 353//112 
f 350//112 352//112 354//112 
o mesh135
f 334//113 336//113 351//113 
f 351//113 353//113 334//113 
f 351//113 348//113 353//113 
o mesh136
f 354//114 342//114 334//114 
f 334//114 353//114 354//114 
f 342//114 341//114 334//114 
o mesh137
f 354//115 352//115 344//115 
f 344//115 342//115 354//115 
f 344//115 343//115 342//115 
o mesh138
f 388//116 389//116 355//116 
f 355//116 390//116 388//116 
f 389//116 391//116 356//116 
f 391//116 390//116 357//116 
f 356//116 355//116 389//116 
f 355//116 357//116 390//116 
f 392//116 390//116 358//116 
f 393//116 359//116 360//116 
f 358//116 394//116 392//116 
f 393//116 394//116 359//116 
f 390//116 360//116 358//116 
f 358//116 359//116 394//116 
f 390//116 391//116 395//116 
f 396//116 146//116 143//116 
f 143//116 397//116 396//116 
f 398//116 142//116 144//116 
f 144//116 399//116 398//116 
